t: 5.00000000000000, w: 5.00377789318630, y: 5.00673794699909
t: 5.00000000000000, w: 5.00515377520732, y: 5.00673794699909
t: 5.00000000000000, w: 5.00592052922033, y: 5.00673794699909
