f(1930) = 113004000
f(1965) = 191859506.57894737
f(2010) = 296451373.20574164
