E(1.00) = 2.40019999999998
E(1.01) = 2.4030400000000016
E(1.02) = 3.3858800000000024
E(1.03) = 5.351560000000004
E(1.04) = 7.320080000000005
